[2.47939429e-01 2.42120762e-01 2.35536005e-01 1.24857893e-01
 8.43404809e-02 5.94059785e-02 5.36319919e-02 2.89891103e-02
 3.63830306e-02 1.23237410e-02 1.40588951e-02 1.10381138e-02
 8.25954924e-03 4.89113851e-03 3.66107674e-03 4.20091363e-03
 2.34346481e-03 1.94194767e-03 1.55310929e-03 1.13691420e-03
 7.79799634e-04 7.04731376e-04 4.77530054e-04 3.98992666e-04
 2.98462081e-04 2.23606083e-04 1.66558423e-04 1.17268077e-04
 1.03310123e-04 5.05135112e-05 6.65543074e-05 2.83743059e-05
 3.15004832e-05 1.38950038e-05 1.44912705e-05 1.23928944e-05
 9.48483791e-06 8.87567212e-06 2.91668376e-06 4.83895083e-06
 4.15013785e-06 2.13450900e-06 1.28639527e-06 1.16634700e-06
 1.31367915e-06 1.21241440e-06 4.70590018e-07 3.36722578e-07
 5.52849256e-07 2.62310366e-07]
