[2.81722471e-01 2.93659919e-01 2.94268531e-01 1.21065711e-01
 6.71147005e-02 5.71337703e-02 4.80096654e-02 4.38715704e-02
 2.69485843e-02 1.54084960e-02 1.41783029e-02 9.53558907e-03
 8.16493620e-03 6.69042742e-03 4.17374114e-03 4.09891430e-03
 2.14501436e-03 2.64065028e-03 2.19900730e-03 8.81603680e-04
 7.06268715e-04 9.43595332e-04 4.07641490e-04 4.03393221e-04
 2.95745377e-04 1.76805552e-04 1.41178131e-04 8.24916145e-05
 9.64730607e-05 6.79123654e-05 5.92561784e-05 5.25586508e-05
 3.00868150e-05 1.52559733e-05 1.18093114e-05 1.20411098e-05
 9.49035671e-06 7.74045400e-06 6.83782250e-06 3.95151503e-06
 3.21757281e-06 2.19134397e-06 1.51621603e-06 1.31254785e-06
 9.87741351e-07 5.68624224e-07 5.45526325e-07 4.40125777e-07
 2.76144533e-07 1.97481432e-07]