[2.98032630e-01 2.70102160e-01 2.44274993e-01 1.13229605e-01
 1.08045144e-01 5.60908285e-02 5.72267374e-02 4.91800125e-02
 4.49530896e-02 2.69352202e-02 2.75287199e-02 7.51944109e-03
 9.70564710e-03 8.16042214e-03 4.88415599e-03 4.18077337e-03
 2.09250637e-03 1.86780363e-03 1.44026792e-03 1.45281473e-03
 1.06282790e-03 4.37194938e-04 3.58979852e-04 3.35713084e-04
 3.69810448e-04 2.70532478e-04 1.36993799e-04 9.01800937e-05
 1.24716195e-04 8.44734505e-05 4.08047731e-05 3.93633627e-05
 3.19915572e-05 2.04199843e-05 1.55805568e-05 9.23906092e-06
 1.09673740e-05 7.10746599e-06 4.34566818e-06 6.08380200e-06
 2.35243604e-06 2.32653566e-06 2.38682979e-06 1.06723756e-06
 1.00256906e-06 8.38381285e-07 6.18114072e-07 3.49321660e-07
 4.00096120e-07 1.90825087e-07]