[1.92250325e-01 1.69155235e-01 3.08090199e-01 1.42310605e-01
 1.01980024e-01 5.67532570e-02 5.15466977e-02 2.42329279e-02
 2.49268982e-02 2.25092853e-02 1.86570632e-02 1.05024207e-02
 7.75603039e-03 5.53730547e-03 5.27894405e-03 3.53474990e-03
 2.97977003e-03 1.66464401e-03 1.45755397e-03 6.25454230e-04
 6.33117336e-04 6.63925893e-04 5.19760427e-04 4.35442220e-04
 2.02333449e-04 2.40138398e-04 1.78421008e-04 1.59859369e-04
 8.84846640e-05 8.82008880e-05 5.17843390e-05 3.70486382e-05
 3.23192376e-05 1.83963446e-05 1.34031524e-05 1.23372875e-05
 8.15064745e-06 5.72851426e-06 5.99734220e-06 3.71562947e-06
 3.19679118e-06 3.05167376e-06 2.37148770e-06 1.38431001e-06
 1.05910902e-06 6.42968085e-07 6.19330758e-07 3.51068646e-07
 3.88495971e-07 1.85081452e-07]