[3.10077297e-01 3.43893995e-01 2.63992142e-01 1.41313493e-01
 1.42090385e-01 5.86847621e-02 5.11305810e-02 3.43498417e-02
 2.11699233e-02 1.97272781e-02 1.52656938e-02 1.12773209e-02
 1.50891091e-02 5.26828804e-03 4.00206697e-03 5.30728008e-03
 2.77087214e-03 2.07422330e-03 1.57658702e-03 9.47282937e-04
 8.39058115e-04 8.10534344e-04 6.00170325e-04 4.12819360e-04
 2.39031612e-04 2.06945596e-04 1.31341495e-04 1.86778377e-04
 8.67320867e-05 6.71451582e-05 4.23367239e-05 5.24270636e-05
 1.98633407e-05 1.95231800e-05 2.37567473e-05 1.07844139e-05
 9.18170703e-06 7.26333875e-06 3.31511023e-06 4.62391330e-06
 2.41764211e-06 1.65616774e-06 1.54243239e-06 1.70197728e-06
 1.01814783e-06 5.01625508e-07 5.92991675e-07 4.23627356e-07
 1.90857305e-07 1.89036238e-07]